n = 1000
time elapsed = 0.02
i              x              V
0    0.000999001     0.00894125
1       0.001998      0.0177837
2       0.002997      0.0265283
3       0.003996      0.0351761
4       0.004995      0.0437279
5     0.00599401      0.0521848
6     0.00699301      0.0605478
7     0.00799201      0.0688177
8     0.00899101      0.0769954
9     0.00999001      0.0850819
10       0.010989      0.0930781
11       0.011988       0.100985
12       0.012987       0.108803
13       0.013986       0.116534
14       0.014985       0.124178
15       0.015984       0.131736
16       0.016983       0.139208
17       0.017982       0.146597
18       0.018981       0.153902
19        0.01998       0.161125
20       0.020979       0.168266
21       0.021978       0.175326
22       0.022977       0.182306
23       0.023976       0.189207
24       0.024975       0.196029
25       0.025974       0.202774
26       0.026973       0.209441
27       0.027972       0.216032
28       0.028971       0.222548
29        0.02997       0.228989
30       0.030969       0.235356
31       0.031968        0.24165
32       0.032967       0.247872
33       0.033966       0.254021
34       0.034965         0.2601
35       0.035964       0.266108
36       0.036963       0.272047
37       0.037962       0.277916
38       0.038961       0.283718
39        0.03996       0.289451
40       0.040959       0.295118
41       0.041958       0.300719
42       0.042957       0.306254
43       0.043956       0.311724
44       0.044955       0.317129
45       0.045954       0.322472
46       0.046953       0.327751
47       0.047952       0.332967
48       0.048951       0.338122
49        0.04995       0.343216
50      0.0509491       0.348249
51      0.0519481       0.353222
52      0.0529471       0.358136
53      0.0539461       0.362991
54      0.0549451       0.367787
55      0.0559441       0.372527
56      0.0569431       0.377209
57      0.0579421       0.381835
58      0.0589411       0.386404
59      0.0599401       0.390919
60      0.0609391       0.395378
61      0.0619381       0.399784
62      0.0629371       0.404135
63      0.0639361       0.408434
64      0.0649351        0.41268
65      0.0659341       0.416873
66      0.0669331       0.421015
67      0.0679321       0.425106
68      0.0689311       0.429147
69      0.0699301       0.433137
70      0.0709291       0.437077
71      0.0719281       0.440969
72      0.0729271       0.444812
73      0.0739261       0.448607
74      0.0749251       0.452354
75      0.0759241       0.456054
76      0.0769231       0.459707
77      0.0779221       0.463314
78      0.0789211       0.466876
79      0.0799201       0.470391
80      0.0809191       0.473862
81      0.0819181       0.477289
82      0.0829171       0.480672
83      0.0839161       0.484011
84      0.0849151       0.487307
85      0.0859141        0.49056
86      0.0869131       0.493771
87      0.0879121        0.49694
88      0.0889111       0.500068
89      0.0899101       0.503154
90      0.0909091       0.506201
91      0.0919081       0.509206
92      0.0929071       0.512172
93      0.0939061       0.515099
94      0.0949051       0.517987
95      0.0959041       0.520836
96      0.0969031       0.523646
97      0.0979021       0.526419
98      0.0989011       0.529155
99      0.0999001       0.531853
100       0.100899       0.534514
101       0.101898       0.537139
102       0.102897       0.539729
103       0.103896       0.542282
104       0.104895         0.5448
105       0.105894       0.547283
106       0.106893       0.549732
107       0.107892       0.552146
108       0.108891       0.554526
109        0.10989       0.556873
110       0.110889       0.559187
111       0.111888       0.561467
112       0.112887       0.563715
113       0.113886       0.565931
114       0.114885       0.568115
115       0.115884       0.570267
116       0.116883       0.572388
117       0.117882       0.574477
118       0.118881       0.576536
119        0.11988       0.578565
120       0.120879       0.580564
121       0.121878       0.582532
122       0.122877       0.584472
123       0.123876       0.586382
124       0.124875       0.588263
125       0.125874       0.590115
126       0.126873        0.59194
127       0.127872       0.593736
128       0.128871       0.595504
129        0.12987       0.597245
130       0.130869       0.598958
131       0.131868       0.600645
132       0.132867       0.602305
133       0.133866       0.603938
134       0.134865       0.605546
135       0.135864       0.607127
136       0.136863       0.608683
137       0.137862       0.610213
138       0.138861       0.611719
139        0.13986       0.613199
140       0.140859       0.614655
141       0.141858       0.616086
142       0.142857       0.617493
143       0.143856       0.618876
144       0.144855       0.620236
145       0.145854       0.621572
146       0.146853       0.622885
147       0.147852       0.624175
148       0.148851       0.625442
149        0.14985       0.626687
150       0.150849       0.627909
151       0.151848       0.629109
152       0.152847       0.630288
153       0.153846       0.631444
154       0.154845        0.63258
155       0.155844       0.633694
156       0.156843       0.634787
157       0.157842       0.635859
158       0.158841       0.636911
159        0.15984       0.637942
160       0.160839       0.638953
161       0.161838       0.639945
162       0.162837       0.640916
163       0.163836       0.641868
164       0.164835         0.6428
165       0.165834       0.643713
166       0.166833       0.644608
167       0.167832       0.645483
168       0.168831        0.64634
169        0.16983       0.647178
170       0.170829       0.647998
171       0.171828         0.6488
172       0.172827       0.649584
173       0.173826       0.650351
174       0.174825       0.651099
175       0.175824       0.651831
176       0.176823       0.652545
177       0.177822       0.653242
178       0.178821       0.653923
179        0.17982       0.654586
180       0.180819       0.655233
181       0.181818       0.655864
182       0.182817       0.656479
183       0.183816       0.657077
184       0.184815        0.65766
185       0.185814       0.658227
186       0.186813       0.658778
187       0.187812       0.659314
188       0.188811       0.659835
189        0.18981        0.66034
190       0.190809       0.660831
191       0.191808       0.661307
192       0.192807       0.661768
193       0.193806       0.662214
194       0.194805       0.662647
195       0.195804       0.663065
196       0.196803       0.663469
197       0.197802       0.663859
198       0.198801       0.664235
199         0.1998       0.664597
200       0.200799       0.664946
201       0.201798       0.665282
202       0.202797       0.665604
203       0.203796       0.665914
204       0.204795        0.66621
205       0.205794       0.666493
206       0.206793       0.666764
207       0.207792       0.667022
208       0.208791       0.667267
209        0.20979         0.6675
210       0.210789       0.667721
211       0.211788        0.66793
212       0.212787       0.668126
213       0.213786       0.668311
214       0.214785       0.668484
215       0.215784       0.668646
216       0.216783       0.668796
217       0.217782       0.668934
218       0.218781       0.669061
219        0.21978       0.669177
220       0.220779       0.669282
221       0.221778       0.669376
222       0.222777       0.669459
223       0.223776       0.669531
224       0.224775       0.669593
225       0.225774       0.669644
226       0.226773       0.669685
227       0.227772       0.669715
228       0.228771       0.669735
229        0.22977       0.669745
230       0.230769       0.669745
231       0.231768       0.669735
232       0.232767       0.669715
233       0.233766       0.669686
234       0.234765       0.669647
235       0.235764       0.669598
236       0.236763        0.66954
237       0.237762       0.669472
238       0.238761       0.669395
239        0.23976       0.669309
240       0.240759       0.669214
241       0.241758        0.66911
242       0.242757       0.668997
243       0.243756       0.668876
244       0.244755       0.668745
245       0.245754       0.668606
246       0.246753       0.668459
247       0.247752       0.668302
248       0.248751       0.668138
249        0.24975       0.667965
250       0.250749       0.667784
251       0.251748       0.667595
252       0.252747       0.667398
253       0.253746       0.667193
254       0.254745        0.66698
255       0.255744       0.666759
256       0.256743       0.666531
257       0.257742       0.666294
258       0.258741       0.666051
259        0.25974       0.665799
260       0.260739       0.665541
261       0.261738       0.665274
262       0.262737       0.665001
263       0.263736        0.66472
264       0.264735       0.664433
265       0.265734       0.664138
266       0.266733       0.663836
267       0.267732       0.663527
268       0.268731       0.663212
269        0.26973       0.662889
270       0.270729        0.66256
271       0.271728       0.662225
272       0.272727       0.661882
273       0.273726       0.661533
274       0.274725       0.661178
275       0.275724       0.660816
276       0.276723       0.660448
277       0.277722       0.660074
278       0.278721       0.659693
279        0.27972       0.659307
280       0.280719       0.658914
281       0.281718       0.658515
282       0.282717        0.65811
283       0.283716       0.657699
284       0.284715       0.657283
285       0.285714       0.656861
286       0.286713       0.656433
287       0.287712       0.655999
288       0.288711       0.655559
289        0.28971       0.655115
290       0.290709       0.654664
291       0.291708       0.654208
292       0.292707       0.653747
293       0.293706        0.65328
294       0.294705       0.652808
295       0.295704       0.652331
296       0.296703       0.651849
297       0.297702       0.651362
298       0.298701       0.650869
299         0.2997       0.650371
300       0.300699       0.649869
301       0.301698       0.649361
302       0.302697       0.648849
303       0.303696       0.648332
304       0.304695        0.64781
305       0.305694       0.647283
306       0.306693       0.646751
307       0.307692       0.646215
308       0.308691       0.645675
309        0.30969       0.645129
310       0.310689        0.64458
311       0.311688       0.644025
312       0.312687       0.643467
313       0.313686       0.642904
314       0.314685       0.642336
315       0.315684       0.641765
316       0.316683       0.641189
317       0.317682       0.640609
318       0.318681       0.640025
319        0.31968       0.639436
320       0.320679       0.638844
321       0.321678       0.638247
322       0.322677       0.637647
323       0.323676       0.637042
324       0.324675       0.636434
325       0.325674       0.635822
326       0.326673       0.635205
327       0.327672       0.634586
328       0.328671       0.633962
329        0.32967       0.633334
330       0.330669       0.632703
331       0.331668       0.632069
332       0.332667        0.63143
333       0.333666       0.630788
334       0.334665       0.630143
335       0.335664       0.629494
336       0.336663       0.628841
337       0.337662       0.628185
338       0.338661       0.627526
339        0.33966       0.626863
340       0.340659       0.626197
341       0.341658       0.625528
342       0.342657       0.624855
343       0.343656       0.624179
344       0.344655         0.6235
345       0.345654       0.622818
346       0.346653       0.622132
347       0.347652       0.621444
348       0.348651       0.620752
349        0.34965       0.620057
350       0.350649       0.619359
351       0.351648       0.618659
352       0.352647       0.617955
353       0.353646       0.617248
354       0.354645       0.616539
355       0.355644       0.615827
356       0.356643       0.615111
357       0.357642       0.614393
358       0.358641       0.613672
359        0.35964       0.612949
360       0.360639       0.612222
361       0.361638       0.611493
362       0.362637       0.610762
363       0.363636       0.610027
364       0.364635        0.60929
365       0.365634        0.60855
366       0.366633       0.607808
367       0.367632       0.607063
368       0.368631       0.606316
369        0.36963       0.605566
370       0.370629       0.604814
371       0.371628       0.604059
372       0.372627       0.603302
373       0.373626       0.602543
374       0.374625       0.601781
375       0.375624       0.601016
376       0.376623        0.60025
377       0.377622       0.599481
378       0.378621        0.59871
379        0.37962       0.597936
380       0.380619        0.59716
381       0.381618       0.596382
382       0.382617       0.595602
383       0.383616        0.59482
384       0.384615       0.594035
385       0.385614       0.593249
386       0.386613        0.59246
387       0.387612       0.591669
388       0.388611       0.590876
389        0.38961       0.590081
390       0.390609       0.589285
391       0.391608       0.588486
392       0.392607       0.587685
393       0.393606       0.586882
394       0.394605       0.586077
395       0.395604        0.58527
396       0.396603       0.584461
397       0.397602       0.583651
398       0.398601       0.582838
399         0.3996       0.582024
400       0.400599       0.581208
401       0.401598        0.58039
402       0.402597        0.57957
403       0.403596       0.578748
404       0.404595       0.577925
405       0.405594         0.5771
406       0.406593       0.576273
407       0.407592       0.575445
408       0.408591       0.574615
409        0.40959       0.573783
410       0.410589       0.572949
411       0.411588       0.572114
412       0.412587       0.571277
413       0.413586       0.570439
414       0.414585       0.569599
415       0.415584       0.568757
416       0.416583       0.567914
417       0.417582       0.567069
418       0.418581       0.566223
419        0.41958       0.565375
420       0.420579       0.564526
421       0.421578       0.563675
422       0.422577       0.562823
423       0.423576       0.561969
424       0.424575       0.561114
425       0.425574       0.560258
426       0.426573         0.5594
427       0.427572        0.55854
428       0.428571        0.55768
429        0.42957       0.556817
430       0.430569       0.555954
431       0.431568       0.555089
432       0.432567       0.554223
433       0.433566       0.553355
434       0.434565       0.552487
435       0.435564       0.551617
436       0.436563       0.550745
437       0.437562       0.549873
438       0.438561       0.548999
439        0.43956       0.548124
440       0.440559       0.547247
441       0.441558        0.54637
442       0.442557       0.545491
443       0.443556       0.544611
444       0.444555        0.54373
445       0.445554       0.542847
446       0.446553       0.541964
447       0.447552       0.541079
448       0.448551       0.540193
449        0.44955       0.539306
450       0.450549       0.538418
451       0.451548       0.537529
452       0.452547       0.536639
453       0.453546       0.535748
454       0.454545       0.534855
455       0.455544       0.533962
456       0.456543       0.533067
457       0.457542       0.532172
458       0.458541       0.531275
459        0.45954       0.530378
460       0.460539       0.529479
461       0.461538        0.52858
462       0.462537       0.527679
463       0.463536       0.526778
464       0.464535       0.525875
465       0.465534       0.524972
466       0.466533       0.524067
467       0.467532       0.523162
468       0.468531       0.522256
469        0.46953       0.521348
470       0.470529        0.52044
471       0.471528       0.519531
472       0.472527       0.518621
473       0.473526       0.517711
474       0.474525       0.516799
475       0.475524       0.515886
476       0.476523       0.514973
477       0.477522       0.514059
478       0.478521       0.513144
479        0.47952       0.512228
480       0.480519       0.511311
481       0.481518       0.510393
482       0.482517       0.509475
483       0.483516       0.508556
484       0.484515       0.507636
485       0.485514       0.506715
486       0.486513       0.505794
487       0.487512       0.504871
488       0.488511       0.503948
489        0.48951       0.503024
490       0.490509         0.5021
491       0.491508       0.501175
492       0.492507       0.500249
493       0.493506       0.499322
494       0.494505       0.498394
495       0.495504       0.497466
496       0.496503       0.496537
497       0.497502       0.495608
498       0.498501       0.494677
499         0.4995       0.493746
500         0.5005       0.492815
501       0.501499       0.491882
502       0.502498       0.490949
503       0.503497       0.490016
504       0.504496       0.489082
505       0.505495       0.488147
506       0.506494       0.487211
507       0.507493       0.486275
508       0.508492       0.485338
509       0.509491       0.484401
510        0.51049       0.483463
511       0.511489       0.482524
512       0.512488       0.481585
513       0.513487       0.480645
514       0.514486       0.479705
515       0.515485       0.478764
516       0.516484       0.477822
517       0.517483        0.47688
518       0.518482       0.475937
519       0.519481       0.474994
520        0.52048        0.47405
521       0.521479       0.473106
522       0.522478       0.472161
523       0.523477       0.471215
524       0.524476       0.470269
525       0.525475       0.469323
526       0.526474       0.468376
527       0.527473       0.467428
528       0.528472        0.46648
529       0.529471       0.465532
530        0.53047       0.464582
531       0.531469       0.463633
532       0.532468       0.462683
533       0.533467       0.461732
534       0.534466       0.460781
535       0.535465        0.45983
536       0.536464       0.458878
537       0.537463       0.457925
538       0.538462       0.456973
539       0.539461       0.456019
540        0.54046       0.455065
541       0.541459       0.454111
542       0.542458       0.453156
543       0.543457       0.452201
544       0.544456       0.451246
545       0.545455        0.45029
546       0.546454       0.449333
547       0.547453       0.448376
548       0.548452       0.447419
549       0.549451       0.446461
550        0.55045       0.445503
551       0.551449       0.444545
552       0.552448       0.443586
553       0.553447       0.442627
554       0.554446       0.441667
555       0.555445       0.440707
556       0.556444       0.439746
557       0.557443       0.438785
558       0.558442       0.437824
559       0.559441       0.436863
560        0.56044       0.435901
561       0.561439       0.434938
562       0.562438       0.433976
563       0.563437       0.433012
564       0.564436       0.432049
565       0.565435       0.431085
566       0.566434       0.430121
567       0.567433       0.429157
568       0.568432       0.428192
569       0.569431       0.427227
570        0.57043       0.426261
571       0.571429       0.425295
572       0.572428       0.424329
573       0.573427       0.423363
574       0.574426       0.422396
575       0.575425       0.421429
576       0.576424       0.420461
577       0.577423       0.419494
578       0.578422       0.418525
579       0.579421       0.417557
580        0.58042       0.416588
581       0.581419       0.415619
582       0.582418        0.41465
583       0.583417       0.413681
584       0.584416       0.412711
585       0.585415       0.411741
586       0.586414        0.41077
587       0.587413       0.409799
588       0.588412       0.408828
589       0.589411       0.407857
590        0.59041       0.406886
591       0.591409       0.405914
592       0.592408       0.404942
593       0.593407       0.403969
594       0.594406       0.402997
595       0.595405       0.402024
596       0.596404       0.401051
597       0.597403       0.400077
598       0.598402       0.399104
599       0.599401        0.39813
600         0.6004       0.397155
601       0.601399       0.396181
602       0.602398       0.395206
603       0.603397       0.394232
604       0.604396       0.393256
605       0.605395       0.392281
606       0.606394       0.391305
607       0.607393        0.39033
608       0.608392       0.389354
609       0.609391       0.388377
610        0.61039       0.387401
611       0.611389       0.386424
612       0.612388       0.385447
613       0.613387        0.38447
614       0.614386       0.383492
615       0.615385       0.382515
616       0.616384       0.381537
617       0.617383       0.380559
618       0.618382       0.379581
619       0.619381       0.378602
620        0.62038       0.377624
621       0.621379       0.376645
622       0.622378       0.375666
623       0.623377       0.374687
624       0.624376       0.373707
625       0.625375       0.372727
626       0.626374       0.371748
627       0.627373       0.370768
628       0.628372       0.369787
629       0.629371       0.368807
630        0.63037       0.367826
631       0.631369       0.366846
632       0.632368       0.365865
633       0.633367       0.364884
634       0.634366       0.363902
635       0.635365       0.362921
636       0.636364       0.361939
637       0.637363       0.360957
638       0.638362       0.359975
639       0.639361       0.358993
640        0.64036       0.358011
641       0.641359       0.357028
642       0.642358       0.356046
643       0.643357       0.355063
644       0.644356        0.35408
645       0.645355       0.353097
646       0.646354       0.352113
647       0.647353        0.35113
648       0.648352       0.350146
649       0.649351       0.349163
650        0.65035       0.348179
651       0.651349       0.347195
652       0.652348       0.346211
653       0.653347       0.345226
654       0.654346       0.344242
655       0.655345       0.343257
656       0.656344       0.342272
657       0.657343       0.341287
658       0.658342       0.340302
659       0.659341       0.339317
660        0.66034       0.338332
661       0.661339       0.337346
662       0.662338       0.336361
663       0.663337       0.335375
664       0.664336       0.334389
665       0.665335       0.333403
666       0.666334       0.332417
667       0.667333       0.331431
668       0.668332       0.330444
669       0.669331       0.329458
670        0.67033       0.328471
671       0.671329       0.327484
672       0.672328       0.326498
673       0.673327       0.325511
674       0.674326       0.324523
675       0.675325       0.323536
676       0.676324       0.322549
677       0.677323       0.321561
678       0.678322       0.320574
679       0.679321       0.319586
680        0.68032       0.318598
681       0.681319        0.31761
682       0.682318       0.316622
683       0.683317       0.315634
684       0.684316       0.314646
685       0.685315       0.313658
686       0.686314       0.312669
687       0.687313       0.311681
688       0.688312       0.310692
689       0.689311       0.309703
690        0.69031       0.308714
691       0.691309       0.307725
692       0.692308       0.306736
693       0.693307       0.305747
694       0.694306       0.304758
695       0.695305       0.303769
696       0.696304       0.302779
697       0.697303        0.30179
698       0.698302         0.3008
699       0.699301        0.29981
700         0.7003        0.29882
701       0.701299       0.297831
702       0.702298       0.296841
703       0.703297        0.29585
704       0.704296        0.29486
705       0.705295        0.29387
706       0.706294        0.29288
707       0.707293       0.291889
708       0.708292       0.290899
709       0.709291       0.289908
710        0.71029       0.288917
711       0.711289       0.287927
712       0.712288       0.286936
713       0.713287       0.285945
714       0.714286       0.284954
715       0.715285       0.283963
716       0.716284       0.282972
717       0.717283        0.28198
718       0.718282       0.280989
719       0.719281       0.279998
720        0.72028       0.279006
721       0.721279       0.278015
722       0.722278       0.277023
723       0.723277       0.276031
724       0.724276        0.27504
725       0.725275       0.274048
726       0.726274       0.273056
727       0.727273       0.272064
728       0.728272       0.271072
729       0.729271        0.27008
730        0.73027       0.269087
731       0.731269       0.268095
732       0.732268       0.267103
733       0.733267       0.266111
734       0.734266       0.265118
735       0.735265       0.264126
736       0.736264       0.263133
737       0.737263        0.26214
738       0.738262       0.261148
739       0.739261       0.260155
740        0.74026       0.259162
741       0.741259       0.258169
742       0.742258       0.257176
743       0.743257       0.256183
744       0.744256        0.25519
745       0.745255       0.254197
746       0.746254       0.253204
747       0.747253       0.252211
748       0.748252       0.251217
749       0.749251       0.250224
750        0.75025       0.249231
751       0.751249       0.248237
752       0.752248       0.247244
753       0.753247        0.24625
754       0.754246       0.245256
755       0.755245       0.244263
756       0.756244       0.243269
757       0.757243       0.242275
758       0.758242       0.241281
759       0.759241       0.240287
760        0.76024       0.239294
761       0.761239         0.2383
762       0.762238       0.237305
763       0.763237       0.236311
764       0.764236       0.235317
765       0.765235       0.234323
766       0.766234       0.233329
767       0.767233       0.232335
768       0.768232        0.23134
769       0.769231       0.230346
770        0.77023       0.229352
771       0.771229       0.228357
772       0.772228       0.227363
773       0.773227       0.226368
774       0.774226       0.225373
775       0.775225       0.224379
776       0.776224       0.223384
777       0.777223       0.222389
778       0.778222       0.221395
779       0.779221         0.2204
780        0.78022       0.219405
781       0.781219        0.21841
782       0.782218       0.217415
783       0.783217        0.21642
784       0.784216       0.215425
785       0.785215        0.21443
786       0.786214       0.213435
787       0.787213        0.21244
788       0.788212       0.211445
789       0.789211        0.21045
790        0.79021       0.209454
791       0.791209       0.208459
792       0.792208       0.207464
793       0.793207       0.206468
794       0.794206       0.205473
795       0.795205       0.204478
796       0.796204       0.203482
797       0.797203       0.202487
798       0.798202       0.201491
799       0.799201       0.200496
800         0.8002         0.1995
801       0.801199       0.198504
802       0.802198       0.197509
803       0.803197       0.196513
804       0.804196       0.195517
805       0.805195       0.194522
806       0.806194       0.193526
807       0.807193        0.19253
808       0.808192       0.191534
809       0.809191       0.190538
810        0.81019       0.189542
811       0.811189       0.188546
812       0.812188       0.187551
813       0.813187       0.186555
814       0.814186       0.185559
815       0.815185       0.184562
816       0.816184       0.183566
817       0.817183        0.18257
818       0.818182       0.181574
819       0.819181       0.180578
820        0.82018       0.179582
821       0.821179       0.178586
822       0.822178       0.177589
823       0.823177       0.176593
824       0.824176       0.175597
825       0.825175         0.1746
826       0.826174       0.173604
827       0.827173       0.172608
828       0.828172       0.171611
829       0.829171       0.170615
830        0.83017       0.169618
831       0.831169       0.168622
832       0.832168       0.167625
833       0.833167       0.166629
834       0.834166       0.165632
835       0.835165       0.164636
836       0.836164       0.163639
837       0.837163       0.162642
838       0.838162       0.161646
839       0.839161       0.160649
840        0.84016       0.159652
841       0.841159       0.158656
842       0.842158       0.157659
843       0.843157       0.156662
844       0.844156       0.155665
845       0.845155       0.154669
846       0.846154       0.153672
847       0.847153       0.152675
848       0.848152       0.151678
849       0.849151       0.150681
850        0.85015       0.149684
851       0.851149       0.148687
852       0.852148        0.14769
853       0.853147       0.146693
854       0.854146       0.145697
855       0.855145         0.1447
856       0.856144       0.143702
857       0.857143       0.142705
858       0.858142       0.141708
859       0.859141       0.140711
860        0.86014       0.139714
861       0.861139       0.138717
862       0.862138        0.13772
863       0.863137       0.136723
864       0.864136       0.135726
865       0.865135       0.134728
866       0.866134       0.133731
867       0.867133       0.132734
868       0.868132       0.131737
869       0.869131       0.130739
870        0.87013       0.129742
871       0.871129       0.128745
872       0.872128       0.127748
873       0.873127        0.12675
874       0.874126       0.125753
875       0.875125       0.124756
876       0.876124       0.123758
877       0.877123       0.122761
878       0.878122       0.121763
879       0.879121       0.120766
880        0.88012       0.119769
881       0.881119       0.118771
882       0.882118       0.117774
883       0.883117       0.116776
884       0.884116       0.115779
885       0.885115       0.114781
886       0.886114       0.113784
887       0.887113       0.112786
888       0.888112       0.111789
889       0.889111       0.110791
890        0.89011       0.109793
891       0.891109       0.108796
892       0.892108       0.107798
893       0.893107       0.106801
894       0.894106       0.105803
895       0.895105       0.104805
896       0.896104       0.103808
897       0.897103        0.10281
898       0.898102       0.101812
899       0.899101       0.100815
900         0.9001      0.0998168
901       0.901099      0.0988191
902       0.902098      0.0978214
903       0.903097      0.0968236
904       0.904096      0.0958259
905       0.905095      0.0948281
906       0.906094      0.0938303
907       0.907093      0.0928325
908       0.908092      0.0918347
909       0.909091      0.0908369
910        0.91009      0.0898391
911       0.911089      0.0888413
912       0.912088      0.0878434
913       0.913087      0.0868455
914       0.914086      0.0858477
915       0.915085      0.0848498
916       0.916084      0.0838519
917       0.917083       0.082854
918       0.918082      0.0818561
919       0.919081      0.0808582
920        0.92008      0.0798602
921       0.921079      0.0788623
922       0.922078      0.0778643
923       0.923077      0.0768664
924       0.924076      0.0758684
925       0.925075      0.0748704
926       0.926074      0.0738724
927       0.927073      0.0728744
928       0.928072      0.0718764
929       0.929071      0.0708784
930        0.93007      0.0698804
931       0.931069      0.0688823
932       0.932068      0.0678843
933       0.933067      0.0668862
934       0.934066      0.0658881
935       0.935065      0.0648901
936       0.936064       0.063892
937       0.937063      0.0628939
938       0.938062      0.0618958
939       0.939061      0.0608977
940        0.94006      0.0598996
941       0.941059      0.0589014
942       0.942058      0.0579033
943       0.943057      0.0569052
944       0.944056       0.055907
945       0.945055      0.0549089
946       0.946054      0.0539107
947       0.947053      0.0529125
948       0.948052      0.0519143
949       0.949051      0.0509161
950        0.95005       0.049918
951       0.951049      0.0489197
952       0.952048      0.0479215
953       0.953047      0.0469233
954       0.954046      0.0459251
955       0.955045      0.0449269
956       0.956044      0.0439286
957       0.957043      0.0429304
958       0.958042      0.0419321
959       0.959041      0.0409339
960        0.96004      0.0399356
961       0.961039      0.0389373
962       0.962038       0.037939
963       0.963037      0.0369407
964       0.964036      0.0359425
965       0.965035      0.0349442
966       0.966034      0.0339458
967       0.967033      0.0329475
968       0.968032      0.0319492
969       0.969031      0.0309509
970        0.97003      0.0299526
971       0.971029      0.0289542
972       0.972028      0.0279559
973       0.973027      0.0269575
974       0.974026      0.0259592
975       0.975025      0.0249608
976       0.976024      0.0239624
977       0.977023      0.0229641
978       0.978022      0.0219657
979       0.979021      0.0209673
980        0.98002      0.0199689
981       0.981019      0.0189705
982       0.982018      0.0179721
983       0.983017      0.0169737
984       0.984016      0.0159753
985       0.985015      0.0149769
986       0.986014      0.0139784
987       0.987013        0.01298
988       0.988012      0.0119816
989       0.989011      0.0109831
990        0.99001      0.0099847
991       0.991009     0.00898626
992       0.992008      0.0079878
993       0.993007     0.00698934
994       0.994006     0.00599088
995       0.995005     0.00499241
996       0.996004     0.00399394
997       0.997003     0.00299546
998       0.998002     0.00199698
999       0.999001    0.000998492
